"sim_date","hospital_admissions","hospital_load","cumulative_hospital_admissions","cases_0_9","cases_10_19","cases_20_29","cases_30_39","cases_40_49","cases_50_59","cases_60_69","cases_70_79","cases_80_89","cases_90_","cases","covid19_tests"
"2020-03-01",NA,NA,NA,0,3,1,1,5,3,1,1,0,0,15,56
"2020-03-02",NA,NA,NA,0,2,1,0,4,3,2,1,0,0,13,268
"2020-03-03",NA,NA,NA,1,4,5,4,9,4,1,5,0,0,33,472
"2020-03-04",NA,NA,NA,3,8,6,5,8,6,7,2,1,1,47,646
"2020-03-05",NA,NA,NA,3,5,8,8,8,12,4,3,0,0,51,702
"2020-03-06",NA,NA,NA,2,7,8,10,14,14,6,6,3,1,71,1024
"2020-03-07",NA,NA,NA,0,2,2,4,6,4,2,2,1,0,23,401
"2020-03-08",NA,NA,NA,0,5,6,6,7,10,6,5,2,1,48,411
"2020-03-09",NA,NA,NA,2,4,7,6,18,11,8,2,5,1,64,510
"2020-03-10",NA,NA,NA,1,4,6,8,15,12,7,6,1,1,61,677
"2020-03-11",NA,NA,NA,4,8,11,14,17,16,9,6,8,6,99,911
"2020-03-12",NA,NA,NA,3,5,14,14,20,16,15,12,12,5,116,1262
"2020-03-13",NA,NA,NA,4,5,19,20,21,20,15,12,15,5,136,2103
"2020-03-14",NA,NA,NA,2,0,12,12,18,16,10,12,12,6,100,1704
"2020-03-15",71,266,71,2,3,10,15,12,15,9,15,15,11,107,1031
"2020-03-16",90,370,161,2,1,14,18,20,18,19,15,18,7,132,1431
"2020-03-17",122,497,283,6,2,17,20,21,17,19,20,19,11,152,1769
"2020-03-18",179,650,462,4,3,19,21,22,22,21,20,18,12,162,2077
"2020-03-19",207,844,669,3,3,21,22,23,24,24,23,21,17,181,2508
"2020-03-20",288,1101,957,5,5,18,22,18,21,21,20,18,12,160,2451
"2020-03-21",320,1384,1277,1,0,15,19,19,22,23,19,20,14,152,1748
"2020-03-22",273,1646,1550,3,1,17,18,21,23,20,21,22,9,155,1069
"2020-03-23",257,1883,1807,9,7,22,23,23,23,22,22,23,18,192,2431
"2020-03-24",412,2140,2219,8,5,21,20,24,21,23,22,22,16,182,2965
"2020-03-25",535,2721,2754,3,6,21,23,21,23,21,21,21,18,178,3243
"2020-03-26",490,3077,3244,5,9,23,24,23,24,23,23,22,13,189,3122
"2020-03-27",575,3650,3819,4,4,20,23,26,24,23,24,20,19,187,3664
"2020-03-28",629,4089,4448,5,6,18,20,22,23,21,20,20,13,168,2906
"2020-03-29",545,4480,4993,3,2,21,18,22,23,19,21,20,13,162,1817
"2020-03-30",478,4897,5471,5,8,22,24,24,24,24,24,24,21,200,2985
"2020-03-31",553,4989,6024,3,10,20,22,23,24,22,21,22,23,190,4585
"2020-04-01",584,5220,6608,6,10,21,23,22,24,24,24,23,21,198,4032
"2020-04-02",568,5383,7176,7,10,24,23,23,26,20,23,25,23,204,4183
"2020-04-03",504,5513,7680,7,6,21,24,25,23,23,24,22,22,197,4473
"2020-04-04",499,5531,8179,3,5,20,21,22,23,21,22,24,21,182,3705
"2020-04-05",358,5620,8537,4,4,18,17,23,23,24,20,24,18,175,2255
"2020-04-06",314,5759,8851,7,9,22,25,24,23,24,24,26,23,207,3758
"2020-04-07",490,5715,9341,5,10,23,22,24,24,22,23,24,23,200,4997
"2020-04-08",459,5616,9800,10,6,22,22,23,21,21,23,24,21,193,5074
"2020-04-09",462,5636,10262,8,11,25,22,24,24,24,24,23,22,207,5090
"2020-04-10",421,5663,10683,3,13,24,23,25,24,22,21,23,22,200,5636
"2020-04-11",393,5437,11076,0,8,21,19,22,21,22,20,22,19,174,5764
"2020-04-12",270,5441,11346,1,3,18,15,17,21,17,20,21,16,149,5532
"2020-04-13",242,5554,11588,3,3,17,16,20,20,20,18,21,16,154,5146
"2020-04-14",250,5532,11838,3,7,23,21,23,24,22,23,24,21,191,5489
"2020-04-15",310,5331,12148,2,12,23,23,24,23,23,23,24,22,199,7045
"2020-04-16",320,5181,12468,6,12,22,23,23,22,21,23,25,23,200,6726
"2020-04-17",303,5088,12771,2,8,21,20,22,22,24,25,24,23,191,7889
"2020-04-18",265,4892,13036,4,6,18,16,21,22,17,17,24,17,162,7883
"2020-04-19",232,4940,13268,7,4,12,17,14,14,16,20,20,17,141,5554
"2020-04-20",172,4996,13440,7,8,18,22,22,23,22,22,22,21,187,8637
"2020-04-21",263,4765,13703,5,8,23,20,21,22,20,21,24,21,185,6986
"2020-04-22",211,4527,13914,2,7,19,19,22,22,19,21,21,19,171,12303
"2020-04-23",210,4355,14124,5,6,20,21,19,19,20,21,22,22,175,13432
"2020-04-24",217,4195,14341,1,5,22,21,21,20,19,19,23,18,169,15207
"2020-04-25",202,3957,14543,3,5,16,10,15,17,12,15,21,14,128,14121
"2020-04-26",127,3968,14670,5,1,8,11,15,18,10,10,17,15,110,11880
"2020-04-27",123,3976,14793,5,7,20,18,23,19,18,19,21,21,171,14541
"2020-04-28",174,3733,14967,4,3,17,19,19,18,16,22,20,16,154,16529
"2020-04-29",178,3609,15145,5,3,20,18,20,18,17,19,19,15,154,19425
"2020-04-30",152,3386,15297,2,8,14,17,18,20,17,17,20,18,151,21285
"2020-05-01",128,3109,15425,3,3,13,13,14,13,11,13,16,14,113,21232
"2020-05-02",77,3080,15502,1,4,16,12,15,15,14,14,19,13,123,14648
"2020-05-03",59,3044,15561,1,3,6,10,9,13,10,10,15,9,86,11931
"2020-05-04",84,3082,15645,6,5,21,19,20,19,20,17,18,16,161,20536
"2020-05-05",116,2868,15761,7,11,17,15,18,20,17,12,22,18,157,17400
"2020-05-06",98,2699,15859,5,10,20,22,21,21,15,18,20,16,168,17146
"2020-05-07",108,2555,15967,5,15,19,18,15,20,17,14,18,16,157,18084
"2020-05-08",75,2381,16042,4,12,18,21,19,21,20,19,20,19,173,21963
"2020-05-09",83,2222,16125,6,7,18,12,19,15,9,14,15,6,121,17745
"2020-05-10",60,2222,16185,1,3,8,8,10,7,11,6,11,6,71,10250
"2020-05-11",43,2230,16228,5,9,20,19,20,18,20,13,20,14,158,7983
"2020-05-12",70,2085,16298,5,12,15,12,17,20,16,14,19,15,145,16180
"2020-05-13",81,1966,16379,5,6,19,19,16,20,13,12,18,18,146,19246
"2020-05-14",67,1862,16446,6,10,17,19,17,16,14,12,15,12,138,16291
"2020-05-15",65,1750,16511,7,9,15,17,17,20,19,13,15,16,148,16623
"2020-05-16",60,1625,16571,5,6,12,11,12,11,9,8,10,5,89,11524
"2020-05-17",43,1614,16614,1,1,8,7,10,8,5,6,7,0,53,8265
"2020-05-18",50,1630,16664,10,7,17,17,14,16,10,14,14,12,131,7107
"2020-05-19",58,1527,16722,6,10,13,18,15,19,13,12,15,13,134,12683
"2020-05-20",71,1448,16793,6,11,18,14,21,18,12,15,18,12,145,14160
"2020-05-21",56,1388,16849,0,4,8,5,6,9,3,1,13,2,51,7486
"2020-05-22",34,1360,16883,7,9,15,18,15,17,14,11,14,12,132,9715
"2020-05-23",48,1296,16931,2,4,9,11,10,10,9,8,13,4,80,6516
"2020-05-24",27,1306,16958,4,5,8,5,8,4,8,3,8,5,58,5300
"2020-05-25",39,1304,16997,4,10,14,19,15,17,14,14,12,7,126,6708
"2020-05-26",36,1150,17033,3,5,16,13,11,16,13,10,14,3,104,12044
"2020-05-27",49,1050,17082,6,5,14,12,16,11,11,13,14,6,108,13644
"2020-05-28",27,939,17109,3,9,11,8,10,11,13,9,10,6,90,9279
"2020-05-29",29,892,17138,6,8,11,14,9,10,10,9,11,9,97,10358
"2020-05-30",40,823,17178,0,1,8,6,5,8,3,5,6,5,47,7255
"2020-05-31",25,818,17203,1,1,9,5,4,6,3,6,7,0,42,5155
"2020-06-01",26,821,17229,2,1,5,6,4,5,8,6,6,3,46,3910
"2020-06-02",31,821,17260,6,8,14,14,15,14,13,9,14,6,113,7392
"2020-06-03",21,739,17281,5,10,13,12,13,12,12,12,8,3,100,10755
"2020-06-04",32,702,17313,4,7,11,13,15,13,9,9,14,8,103,8851
"2020-06-05",26,647,17339,2,8,15,16,14,13,9,12,9,3,101,9470
"2020-06-06",21,573,17360,3,4,5,8,8,6,6,4,6,3,53,8853
"2020-06-07",23,576,17383,3,2,5,7,5,5,7,3,4,3,44,5414
"2020-06-08",16,575,17399,4,9,12,14,17,15,8,10,10,5,104,7972
"2020-06-09",24,527,17423,7,5,12,13,10,16,13,10,6,4,96,11092
"2020-06-10",19,484,17442,7,5,12,9,13,13,6,9,10,3,87,10590
"2020-06-11",32,479,17474,6,4,10,6,8,9,6,4,7,3,63,10416
"2020-06-12",23,425,17497,3,8,14,9,8,9,3,5,8,0,67,10210
"2020-06-13",12,395,17509,1,3,6,5,3,7,3,3,6,2,39,9419
"2020-06-14",17,400,17526,0,0,5,2,1,5,2,2,4,1,22,4350
"2020-06-15",11,395,17537,8,8,11,11,12,14,5,7,9,3,88,8790
"2020-06-16",24,371,17561,3,5,9,11,8,8,10,9,2,2,67,11178
"2020-06-17",19,344,17580,7,6,9,15,7,9,5,7,6,5,76,11635
"2020-06-18",20,340,17600,6,8,11,13,9,10,6,3,7,2,75,10385
"2020-06-19",20,308,17620,9,11,14,12,5,9,7,4,5,3,79,10298
"2020-06-20",18,292,17638,4,3,8,8,2,3,4,5,5,1,43,9755
"2020-06-21",10,295,17648,3,0,2,2,2,2,2,1,2,1,17,4848
"2020-06-22",12,293,17660,12,1,13,11,14,10,9,7,5,3,85,8205
"2020-06-23",12,281,17672,8,6,14,14,13,9,5,8,3,1,81,13222
"2020-06-24",16,268,17688,9,6,13,12,8,5,6,4,5,1,69,14380
"2020-06-25",19,256,17707,4,5,11,8,6,5,4,5,5,0,53,11501
"2020-06-26",18,247,17725,6,7,9,13,11,9,8,2,6,0,71,11026
"2020-06-27",16,237,17741,1,1,7,6,3,6,3,3,4,0,34,8225
"2020-06-28",5,237,17746,1,1,4,2,4,2,2,4,1,1,22,4195
"2020-06-29",13,244,17759,11,6,10,10,11,6,6,3,5,2,70,8437
"2020-06-30",17,222,17776,5,7,15,7,10,7,3,3,4,1,62,11616
"2020-07-01",9,203,17785,1,1,2,5,2,1,1,2,3,0,18,9599
"2020-07-02",13,183,17798,NA,NA,NA,NA,NA,NA,NA,NA,NA,NA,NA,87
